0 1 0 0 32.8260 0.2070
0 1 0 0 17.8120 0.3815
2 1 0 0 38.0470 0.1660
0 1 0 0 10.4290 0.5000
0 1 0 0 10.1330 0.5000
0 1 0 0 9.9890 0.5000
0 1 0 0 10.1140 0.5000
0 1 0 0 10.1140 0.5000
0 1 0 0 9.9550 0.5000
0 1 0 0 10.1930 0.5000
0 1 0 0 9.9540 0.5000
0 1 0 0 10.4570 0.5000
1 1 0 0 10.9370 0.5000
1 1 0 0 10.8310 0.5000
1 1 0 0 11.1390 0.5000
1 1 0 0 10.7960 0.5000
2 1 0 0 8.8970 0.5000
0 1 0 0 10.2540 0.5000
1 1 0 0 10.9420 0.5000
1 1 0 0 10.7470 0.5000
5 1 0 0 7.9780 0.5000
10 1 0 0 9.5860 0.5000
50 1 0 0 9.4910 0.5000
50 1 0 0 11.1230 0.5000
0 1 0 0 23.0580 0.2913
30 1 0 0 14.5550 0.4068
30 1 0 0 13.4070 0.4416
30 1 0 0 13.4080 0.4416
30 1 0 0 13.1680 0.4497
30 0 1 0 24.3670 0.0000
0 1 0 0 19.5330 0.3438
0 0 1 0 20.2630 0.0000
0 1 0 0 18.3240 0.3665
0 0 1 0 29.2270 0.0000
0 1 0 0 24.0830 0.2789
0 0 0 1 100.0370 0.0000
0 1 0 0 10.7450 0.5000
1 1 0 0 12.1320 0.5000
1 1 0 0 11.2980 0.5000
3 1 0 0 10.4590 0.5000
3 1 0 0 10.3370 0.5000
3 1 0 0 10.1240 0.5000
3 1 0 0 10.2030 0.5000
3 1 0 0 10.3580 0.5000
3 1 0 0 9.6990 0.5000
3 1 0 0 9.5670 0.5000
4 1 0 0 11.7210 0.5000
4 1 0 0 10.6850 0.5000
4 1 0 0 11.6360 0.5000
4 1 0 0 11.3930 0.5000
4 1 0 0 10.4560 0.5000
4 1 0 0 9.6940 0.5000
5 1 0 0 8.0250 0.5000
5 1 0 0 8.1490 0.5000
5 0 0 1 100.1010 0.0000
6 1 0 0 11.0740 0.5000
6 1 0 0 10.9480 0.5000
6 1 0 0 11.1410 0.5000
6 1 0 0 10.9400 0.5000
6 1 0 0 10.8520 0.5000
6 1 0 0 11.0050 0.5000
51 1 0 0 10.6330 0.5000
300 0 1 0 17.1650 0.0000
0 0 1 0 11.4570 0.0000
0 1 0 0 10.2560 0.5000
0 1 0 0 10.4180 0.5000
0 1 0 0 10.5320 0.5000
0 1 0 0 10.6430 0.5000
6 1 0 0 10.9150 0.5000
6 1 0 0 11.3210 0.5000
6 1 0 0 10.8310 0.5000
6 1 0 0 11.0770 0.5000
6 0 0 1 100.0430 0.0000
12 1 0 0 11.4870 0.5000
12 1 0 0 11.3030 0.5000
12 1 0 0 11.3940 0.5000
12 1 0 0 11.5860 0.5000
12 1 0 0 11.3660 0.5000
18 1 0 0 8.6610 0.5000
18 1 0 0 8.5770 0.5000
18 1 0 0 8.2930 0.5000
18 1 0 0 8.3730 0.5000
18 1 0 0 8.0560 0.5000
24 1 0 0 13.2000 0.4682
24 1 0 0 12.5580 0.4921
24 1 0 0 14.1730 0.4361
24 1 0 0 12.9660 0.4766
24 1 0 0 13.8840 0.4451
30 1 0 0 13.9600 0.4241
30 1 0 0 13.0240 0.4546
30 1 0 0 15.8040 0.3747
30 1 0 0 19.3280 0.3063
30 1 0 0 13.7230 0.4315
36 1 0 0 9.8730 0.5000
36 0 0 1 100.0690 0.0000
36 1 0 0 9.7720 0.5000
36 1 0 0 9.5200 0.5000
36 1 0 0 9.3460 0.5000
42 1 0 0 8.3320 0.5000
42 1 0 0 8.4310 0.5000
42 1 0 0 7.7130 0.5000
42 1 0 0 6.6630 0.5000
42 1 0 0 6.5890 0.5000
48 0 1 0 9.4610 0.0000
48 0 1 0 11.5180 0.0000
48 1 0 0 34.2050 0.1668
48 0 1 0 14.4810 0.0000
48 1 0 0 41.7690 0.1366
54 1 0 0 7.8980 0.5000
54 1 0 0 8.0050 0.5000
54 1 0 0 7.9940 0.5000
54 1 0 0 8.6190 0.5000
54 1 0 0 8.5390 0.5000
60 1 0 0 8.8360 0.5000
60 1 0 0 9.4560 0.5000
60 1 0 0 8.9270 0.5000
60 1 0 0 8.8420 0.5000
60 1 0 0 8.6880 0.5000
66 1 0 0 12.2270 0.4401
66 1 0 0 12.7950 0.4205
66 1 0 0 12.3110 0.4371
66 1 0 0 12.4840 0.4310
66 1 0 0 11.9880 0.4488
72 1 0 0 8.9050 0.5000
72 1 0 0 9.0210 0.5000
72 1 0 0 8.8080 0.5000
72 1 0 0 8.9180 0.5000
72 1 0 0 9.2250 0.5000
78 1 0 0 50.3650 0.1308
78 0 1 0 68.0100 0.0000
78 0 1 0 12.4210 0.0000
78 0 1 0 87.7210 0.0000
78 0 0 1 100.0910 0.0000
84 1 0 0 10.8280 0.5000
84 1 0 0 10.7080 0.5000
84 1 0 0 10.4780 0.5000
84 1 0 0 10.4960 0.5000
84 1 0 0 10.5700 0.5000
90 1 0 0 12.0760 0.4667
90 1 0 0 12.0550 0.4675
90 1 0 0 9.0020 0.5000
90 1 0 0 12.6110 0.4469
90 1 0 0 12.1090 0.4654
96 1 0 0 10.3340 0.5000
96 1 0 0 10.2360 0.5000
96 1 0 0 10.3100 0.5000
96 1 0 0 10.2100 0.5000
96 1 0 0 10.3200 0.5000
102 1 0 0 11.8090 0.4454
102 1 0 0 11.7790 0.4466
102 1 0 0 11.6730 0.4506
102 1 0 0 11.6870 0.4501
102 1 0 0 11.6550 0.4513
108 1 0 0 9.2770 0.5000
108 1 0 0 9.4490 0.5000
108 1 0 0 9.3190 0.5000
108 1 0 0 8.8930 0.5000
108 1 0 0 9.2830 0.5000
114 0 1 0 8.2990 0.0000
114 0 1 0 8.6120 0.0000
114 0 1 0 10.4550 0.0000
114 1 0 0 13.9080 0.4467
114 1 0 0 13.6690 0.4545
120 1 0 0 29.8800 0.1955
120 1 0 0 30.6850 0.1903
120 0 1 0 14.9440 0.0000
120 1 0 0 30.6780 0.1904
120 0 1 0 14.6420 0.0000
126 1 0 0 11.0920 0.5000
126 1 0 0 11.1160 0.5000
126 1 0 0 11.0250 0.5000
126 1 0 0 11.0850 0.5000
126 1 0 0 10.9810 0.5000
132 1 0 0 13.3730 0.4148
132 1 0 0 13.3170 0.4166
132 1 0 0 13.0860 0.4239
132 1 0 0 13.0850 0.4240
132 1 0 0 12.8990 0.4301
138 1 0 0 16.0980 0.4238
138 1 0 0 16.2680 0.4194
138 1 0 0 15.0820 0.4524
138 1 0 0 15.3260 0.4452
138 1 0 0 15.2880 0.4463
144 1 0 0 10.4330 0.5000
144 1 0 0 10.3330 0.5000
144 1 0 0 10.4150 0.5000
144 1 0 0 10.4370 0.5000
144 1 0 0 10.6490 0.5000
150 1 0 0 22.8330 0.2370
150 0 1 0 43.8320 0.0000
150 0 1 0 24.5580 0.0000
150 0 1 0 12.1310 0.0000
150 1 0 0 46.1450 0.1250
156 1 0 0 9.4520 0.5000
156 1 0 0 9.4600 0.5000
156 1 0 0 9.3900 0.5000
156 1 0 0 9.4440 0.5000
156 1 0 0 9.4690 0.5000
162 0 1 0 13.9440 0.0000
162 0 1 0 16.6140 0.0000
162 0 1 0 9.5620 0.0000
162 0 1 0 8.9510 0.0000
162 0 1 0 10.7000 0.0000
168 1 0 0 14.6590 0.4082
168 1 0 0 15.8810 0.3768
168 1 0 0 14.6620 0.4082
168 0 1 0 4.8790 0.0000
168 1 0 0 15.6790 0.3817
174 1 0 0 11.1900 0.4857
174 0 1 0 10.2670 0.0000
174 1 0 0 11.1970 0.4854
174 1 0 0 21.2790 0.2554
174 0 1 0 6.9130 0.0000
180 1 0 0 11.6150 0.4937
180 1 0 0 11.8200 0.4851
180 1 0 0 11.3460 0.5000
180 1 0 0 11.8330 0.4846
180 1 0 0 11.5220 0.4977
186 1 0 0 12.5490 0.4726
186 1 0 0 11.1410 0.5000
186 1 0 0 11.1590 0.5000
186 1 0 0 11.1330 0.5000
186 1 0 0 11.0350 0.5000
192 0 1 0 9.8520 0.0000
192 0 1 0 41.3130 0.0000
192 1 0 0 25.7910 0.2173
192 1 0 0 39.5030 0.1419
192 0 1 0 23.1630 0.0000
198 1 0 0 14.7570 0.3879
198 1 0 0 13.0480 0.4387
198 1 0 0 17.3410 0.3301
198 1 0 0 13.0030 0.4402
198 0 0 1 100.0070 0.0000
204 1 0 0 12.3080 0.5000
204 1 0 0 12.7200 0.5000
204 1 0 0 12.3260 0.5000
204 1 0 0 12.3270 0.5000
204 1 0 0 12.5450 0.5000
210 1 0 0 10.3670 0.5000
210 1 0 0 10.3780 0.5000
210 1 0 0 10.3610 0.5000
210 1 0 0 10.3950 0.5000
210 1 0 0 10.4700 0.5000
216 1 0 0 12.4870 0.4527
216 1 0 0 14.1000 0.4009
216 1 0 0 12.5450 0.4506
216 1 0 0 13.8760 0.4074
216 1 0 0 12.5630 0.4499
222 1 0 0 11.3870 0.4788
222 1 0 0 11.3040 0.4824
222 1 0 0 26.9760 0.2021
222 1 0 0 24.2150 0.2252
222 1 0 0 11.3230 0.4815
228 1 0 0 11.9420 0.5000
228 1 0 0 11.7440 0.5000
228 0 1 0 9.1120 0.0000
228 1 0 0 11.8610 0.5000
228 1 0 0 12.0720 0.5000
234 1 0 0 10.9840 0.4891
234 1 0 0 10.9170 0.4921
234 1 0 0 10.7760 0.4985
234 1 0 0 10.9960 0.4886
234 1 0 0 10.9980 0.4885
240 1 0 0 11.8480 0.5000
240 1 0 0 11.7160 0.5000
240 1 0 0 11.6580 0.5000
240 1 0 0 11.8430 0.5000
240 1 0 0 11.8070 0.5000
246 1 0 0 11.0830 0.4931
246 1 0 0 11.0560 0.4943
246 1 0 0 11.1500 0.4902
246 1 0 0 11.0560 0.4943
246 1 0 0 11.1480 0.4902
252 1 0 0 9.7840 0.5000
252 1 0 0 9.7490 0.5000
252 1 0 0 9.7570 0.5000
252 1 0 0 9.2500 0.5000
252 1 0 0 9.3710 0.5000
258 1 0 0 9.5250 0.5000
258 1 0 0 9.7290 0.5000
258 1 0 0 9.8280 0.5000
258 1 0 0 9.7030 0.5000
258 1 0 0 9.5410 0.5000
264 1 0 0 11.8680 0.5000
264 1 0 0 11.5560 0.5000
264 1 0 0 11.5390 0.5000
264 1 0 0 11.2340 0.5000
264 1 0 0 11.4650 0.5000
270 1 0 0 13.0380 0.4533
270 1 0 0 12.0390 0.4909
270 1 0 0 11.9990 0.4925
270 1 0 0 12.1210 0.4876
270 1 0 0 12.9540 0.4562
276 1 0 0 16.1130 0.3930
276 1 0 0 16.4970 0.3838
276 1 0 0 16.0880 0.3936
276 1 0 0 15.9110 0.3979
276 0 1 0 13.6590 0.0000
282 1 0 0 19.2870 0.3188
282 0 0 1 100.0080 0.0000
282 1 0 0 14.7300 0.4174
282 1 0 0 13.5760 0.4529
282 0 0 1 100.0320 0.0000
288 0 1 0 6.9530 0.0000
288 1 0 0 19.2960 0.3200
288 0 1 0 22.7230 0.0000
288 1 0 0 19.5810 0.3153
288 1 0 0 19.3890 0.3184
294 1 0 0 17.2380 0.3384
294 1 0 0 32.2780 0.1807
294 1 0 0 15.4310 0.3781
294 1 0 0 18.8490 0.3095
294 1 0 0 17.7050 0.3295
0 1 0 0 10.4930 0.5000
0 1 0 0 10.1820 0.5000
0 1 0 0 10.2540 0.5000
0 1 0 0 10.2690 0.5000
0 1 0 0 10.2890 0.5000
6 1 0 0 11.1010 0.5000
6 1 0 0 10.9750 0.5000
6 1 0 0 11.0960 0.5000
6 1 0 0 11.0840 0.5000
6 1 0 0 10.9450 0.5000
12 1 0 0 11.4580 0.5000
12 1 0 0 11.4740 0.5000
12 1 0 0 11.4990 0.5000
12 1 0 0 11.5900 0.5000
12 1 0 0 11.5730 0.5000
18 1 0 0 8.0490 0.5000
18 1 0 0 8.0460 0.5000
18 1 0 0 8.8430 0.5000
18 1 0 0 8.2670 0.5000
18 1 0 0 8.3090 0.5000
24 1 0 0 15.0270 0.4113
24 1 0 0 12.7530 0.4846
24 1 0 0 13.3720 0.4622
24 1 0 0 13.0860 0.4723
24 1 0 0 12.7440 0.4850
30 1 0 0 13.3150 0.4447
30 1 0 0 12.9830 0.4561
30 1 0 0 13.1910 0.4489
30 1 0 0 15.0690 0.3929
30 1 0 0 14.2340 0.4160
36 1 0 0 9.6680 0.5000
36 1 0 0 9.5960 0.5000
36 1 0 0 9.6890 0.5000
36 1 0 0 9.4810 0.5000
36 1 0 0 9.7750 0.5000
42 1 0 0 7.8580 0.5000
42 1 0 0 7.1440 0.5000
42 1 0 0 8.8480 0.5000
42 1 0 0 8.4470 0.5000
42 1 0 0 6.3870 0.5000
48 0 1 0 8.8950 0.0000
48 1 0 0 67.5060 0.1250
48 0 0 1 100.0760 0.0000
48 1 0 0 30.2200 0.1888
48 1 0 0 40.5940 0.1406
54 1 0 0 8.5530 0.5000
54 1 0 0 8.2130 0.5000
54 1 0 0 8.1380 0.5000
54 1 0 0 8.1150 0.5000
54 1 0 0 8.0900 0.5000
60 1 0 0 9.8060 0.5000
60 1 0 0 8.9910 0.5000
60 1 0 0 8.9390 0.5000
60 1 0 0 9.0070 0.5000
60 1 0 0 8.8790 0.5000
66 1 0 0 12.7240 0.4229
66 1 0 0 12.4550 0.4320
66 1 0 0 12.5850 0.4275
66 1 0 0 13.9170 0.3866
66 1 0 0 12.1840 0.4416
72 1 0 0 9.1490 0.5000
72 1 0 0 8.9370 0.5000
72 1 0 0 9.0550 0.5000
72 1 0 0 9.0140 0.5000
72 1 0 0 8.3220 0.5000
78 0 1 0 12.3440 0.0000
78 0 0 1 100.0420 0.0000
78 0 1 0 28.3230 0.0000
78 0 1 0 15.3880 0.0000
78 0 0 1 100.0500 0.0000
84 1 0 0 10.6200 0.5000
84 1 0 0 10.4720 0.5000
84 1 0 0 10.5140 0.5000
84 1 0 0 10.7000 0.5000
84 1 0 0 10.6010 0.5000
90 1 0 0 12.1640 0.4633
90 1 0 0 9.4780 0.5000
90 1 0 0 12.4170 0.4539
90 1 0 0 12.1940 0.4622
90 0 0 1 100.0240 0.0000
96 1 0 0 10.3320 0.5000
96 1 0 0 10.2040 0.5000
96 1 0 0 10.3230 0.5000
96 1 0 0 10.4130 0.5000
96 1 0 0 10.2310 0.5000
102 1 0 0 11.4690 0.4587
102 1 0 0 11.4990 0.4575
102 1 0 0 11.5900 0.4539
102 1 0 0 11.7930 0.4461
102 1 0 0 11.7040 0.4494
108 1 0 0 9.3040 0.5000
108 1 0 0 9.2820 0.5000
108 1 0 0 8.9270 0.5000
108 1 0 0 9.5090 0.5000
108 1 0 0 9.4540 0.5000
114 1 0 0 13.3200 0.4664
114 1 0 0 18.9700 0.3275
114 1 0 0 17.6110 0.3527
114 1 0 0 13.7970 0.4502
114 0 1 0 8.4970 0.0000
120 0 1 0 15.6460 0.0000
120 0 1 0 25.8130 0.0000
120 1 0 0 29.9400 0.1951
120 0 1 0 8.7590 0.0000
120 1 0 0 28.2340 0.2069
126 1 0 0 11.0980 0.5000
126 1 0 0 10.8920 0.5000
126 1 0 0 10.9850 0.5000
126 1 0 0 11.2030 0.4983
126 1 0 0 11.0130 0.5000
132 1 0 0 13.3850 0.4145
132 1 0 0 13.1840 0.4208
132 1 0 0 13.3900 0.4143
132 1 0 0 13.2990 0.4172
132 1 0 0 13.0250 0.4259
138 1 0 0 15.0660 0.4528
138 1 0 0 17.3850 0.3924
138 1 0 0 14.9040 0.4578
138 1 0 0 16.9320 0.4029
138 1 0 0 15.5180 0.4396
144 1 0 0 10.5720 0.5000
144 1 0 0 10.5220 0.5000
144 1 0 0 10.6190 0.5000
144 1 0 0 10.6330 0.5000
144 1 0 0 10.3480 0.5000
150 0 1 0 9.3790 0.0000
150 1 0 0 41.6010 0.1301
150 0 1 0 23.7540 0.0000
150 1 0 0 22.4330 0.2412
150 0 1 0 26.9850 0.0000
156 1 0 0 9.3490 0.5000
156 1 0 0 9.3460 0.5000
156 1 0 0 9.3540 0.5000
156 1 0 0 9.5750 0.5000
156 1 0 0 9.3620 0.5000
162 0 1 0 8.6670 0.0000
162 0 1 0 9.4840 0.0000
162 0 1 0 8.7460 0.0000
162 0 1 0 8.7410 0.0000
162 1 0 0 20.0590 0.2695
168 1 0 0 15.6850 0.3815
168 1 0 0 14.6560 0.4083
168 1 0 0 14.7730 0.4051
168 1 0 0 14.6570 0.4083
168 1 0 0 18.8580 0.3173
174 1 0 0 11.1930 0.4856
174 1 0 0 11.2970 0.4811
174 1 0 0 11.1970 0.4854
174 1 0 0 11.2880 0.4815
174 1 0 0 11.2910 0.4814
180 1 0 0 11.5160 0.4979
180 1 0 0 11.4150 0.5000
180 1 0 0 11.4110 0.5000
180 1 0 0 11.4220 0.5000
180 1 0 0 11.5180 0.4978
186 1 0 0 11.1010 0.5000
186 1 0 0 11.2230 0.5000
186 1 0 0 11.1480 0.5000
186 1 0 0 11.2270 0.5000
186 1 0 0 11.1400 0.5000
192 0 1 0 32.9150 0.0000
198 1 0 0 24.8430 0.2304
198 1 0 0 12.9120 0.4433
198 1 0 0 12.4200 0.4609
198 1 0 0 10.4720 0.5000
198 1 0 0 15.1260 0.3784
204 1 0 0 12.4320 0.5000
204 1 0 0 12.8220 0.5000
204 1 0 0 13.3680 0.5000
204 1 0 0 12.8240 0.5000
204 1 0 0 12.5220 0.5000
210 1 0 0 10.3950 0.5000
210 1 0 0 10.3550 0.5000
210 1 0 0 10.4590 0.5000
210 1 0 0 10.3820 0.5000
210 1 0 0 10.4780 0.5000
216 1 0 0 13.6720 0.4134
216 1 0 0 14.4860 0.3902
216 1 0 0 12.5550 0.4502
216 1 0 0 12.5480 0.4505
216 1 0 0 11.9660 0.4724
222 1 0 0 11.5150 0.4735
222 1 0 0 11.6090 0.4697
222 1 0 0 11.5010 0.4741
222 1 0 0 22.9050 0.2381
222 1 0 0 11.3920 0.4786
228 1 0 0 11.9600 0.5000
228 1 0 0 11.9990 0.5000
228 1 0 0 11.8560 0.5000
228 1 0 0 11.8640 0.5000
228 1 0 0 19.2000 0.3302
234 1 0 0 10.8940 0.4931
234 1 0 0 10.9870 0.4890
234 1 0 0 10.7760 0.4985
234 1 0 0 10.8020 0.4973
234 1 0 0 10.9890 0.4889
240 1 0 0 11.7160 0.5000
240 1 0 0 11.6950 0.5000
240 1 0 0 11.7350 0.5000
240 1 0 0 11.6360 0.5000
240 1 0 0 12.3640 0.5000
246 1 0 0 11.1170 0.4916
246 1 0 0 11.0430 0.4949
246 1 0 0 11.0510 0.4946
246 1 0 0 11.1660 0.4895
246 1 0 0 11.0770 0.4934
252 1 0 0 9.5570 0.5000
252 1 0 0 9.7800 0.5000
252 1 0 0 9.8430 0.5000
252 1 0 0 9.5690 0.5000
252 1 0 0 9.5630 0.5000
258 1 0 0 9.5360 0.5000
258 1 0 0 9.6090 0.5000
258 1 0 0 9.7140 0.5000
258 1 0 0 9.7010 0.5000
258 1 0 0 9.6230 0.5000
264 1 0 0 11.6380 0.5000
264 1 0 0 11.6340 0.5000
264 1 0 0 11.4250 0.5000
264 1 0 0 11.8550 0.5000
264 1 0 0 11.6660 0.5000
270 1 0 0 12.6310 0.4679
270 1 0 0 13.8620 0.4263
270 1 0 0 11.7950 0.5000
270 1 0 0 12.9560 0.4561
270 1 0 0 12.7400 0.4639
276 1 0 0 15.9080 0.3980
276 1 0 0 16.3850 0.3864
276 1 0 0 15.7120 0.4030
276 0 1 0 39.4170 0.0000
276 1 0 0 15.5010 0.4085
282 0 1 0 15.5500 0.0000
282 1 0 0 16.4400 0.3740
282 0 1 0 8.8980 0.0000
282 0 1 0 76.7950 0.0000
282 1 0 0 13.9510 0.4408
288 1 0 0 14.4470 0.4273
288 0 1 0 33.7250 0.0000
288 1 0 0 18.3730 0.3360
288 0 1 0 9.3330 0.0000
288 1 0 0 18.5460 0.3329
294 1 0 0 19.1250 0.3050
294 1 0 0 13.0110 0.4484
294 1 0 0 13.0960 0.4455
294 1 0 0 18.9190 0.3084
294 1 0 0 18.6250 0.3132
0 1 0 0 10.5470 0.5000
0 1 0 0 10.5250 0.5000
0 1 0 0 10.8540 0.5000
0 1 0 0 10.7960 0.5000
0 1 0 0 10.6140 0.5000
0 1 0 0 10.5430 0.5000
0 1 0 0 10.6190 0.5000
0 1 0 0 10.0650 0.5000
0 1 0 0 10.3480 0.5000
0 1 0 0 10.6090 0.5000
0 1 0 0 10.4620 0.5000
0 1 0 0 10.5390 0.5000
0 1 0 0 10.6360 0.5000
0 1 0 0 10.5080 0.5000
0 1 0 0 10.6330 0.5000
0 1 0 0 10.6450 0.5000
0 1 0 0 10.7700 0.5000
0 1 0 0 10.5850 0.5000
0 0 0 1 100.0880 0.0000
0 1 0 0 10.4670 0.5000
0 1 0 0 10.7400 0.5000
162 0 1 0 10.0430 0.0000
162 1 0 0 17.0550 0.3169
162 0 1 0 9.5290 0.0000
78 1 0 0 52.6300 0.1252
0 1 0 0 10.7960 0.5000
0 1 0 0 10.6650 0.5000
0 1 0 0 10.4600 0.5000
0 1 0 0 10.7190 0.5000
0 1 0 0 10.6970 0.5000
3 1 0 0 10.1530 0.5000
3 1 0 0 9.7690 0.5000
3 1 0 0 10.2400 0.5000
3 1 0 0 10.1770 0.5000
3 1 0 0 9.3120 0.5000
6 1 0 0 10.9920 0.5000
6 1 0 0 11.3540 0.5000
6 1 0 0 11.8200 0.5000
6 1 0 0 11.1480 0.5000
6 1 0 0 11.4110 0.5000
9 1 0 0 8.8100 0.5000
9 1 0 0 8.7620 0.5000
9 1 0 0 9.4370 0.5000
9 1 0 0 9.4410 0.5000
9 1 0 0 8.5420 0.5000
12 1 0 0 11.9650 0.4925
12 1 0 0 12.0680 0.4883
12 1 0 0 11.8690 0.4965
12 0 0 1 100.0940 0.0000
12 1 0 0 11.9520 0.4930
15 0 0 1 100.0680 0.0000
15 1 0 0 9.0020 0.5000
15 0 0 1 100.0940 0.0000
15 1 0 0 11.3990 0.5000
15 1 0 0 8.9030 0.5000
18 1 0 0 7.8900 0.5000
18 1 0 0 8.3980 0.5000
18 0 0 1 100.0580 0.0000
18 1 0 0 7.9150 0.5000
18 1 0 0 8.3100 0.5000
21 1 0 0 10.9860 0.5000
21 1 0 0 10.4620 0.5000
21 1 0 0 12.6240 0.4616
21 1 0 0 10.8460 0.5000
21 1 0 0 12.4190 0.4692
24 1 0 0 16.0180 0.3858
24 1 0 0 14.4500 0.4277
24 1 0 0 15.3090 0.4037
24 1 0 0 14.0530 0.4398
24 1 0 0 14.6760 0.4211
27 0 0 1 100.0620 0.0000
27 1 0 0 8.9250 0.5000
27 1 0 0 9.0440 0.5000
27 1 0 0 9.0640 0.5000
27 1 0 0 9.7440 0.5000
30 1 0 0 13.6260 0.4345
30 1 0 0 13.6950 0.4324
30 1 0 0 15.4910 0.3822
30 1 0 0 13.5980 0.4354
30 1 0 0 13.6590 0.4335
33 1 0 0 12.1740 0.5000
33 1 0 0 12.2710 0.5000
33 1 0 0 11.1360 0.5000
33 1 0 0 11.9730 0.5000
33 1 0 0 11.6820 0.5000
36 1 0 0 9.3730 0.5000
36 1 0 0 9.4490 0.5000
36 1 0 0 9.1190 0.5000
36 1 0 0 9.4260 0.5000
36 1 0 0 9.7280 0.5000
39 1 0 0 10.2350 0.5000
39 1 0 0 10.2520 0.5000
39 1 0 0 10.1890 0.5000
39 1 0 0 9.9430 0.5000
42 1 0 0 7.9550 0.5000
42 1 0 0 8.2520 0.5000
42 1 0 0 7.9640 0.5000
42 1 0 0 8.1000 0.5000
42 1 0 0 7.7790 0.5000
45 1 0 0 8.9630 0.5000
45 1 0 0 8.8760 0.5000
45 1 0 0 8.9860 0.5000
45 1 0 0 8.7850 0.5000
45 1 0 0 8.9710 0.5000
48 0 1 0 39.1410 0.0000
48 0 1 0 10.7910 0.0000
48 1 0 0 30.6140 0.1864
48 0 0 1 100.0180 0.0000
48 1 0 0 26.9080 0.2121
51 1 0 0 10.6500 0.5000
51 1 0 0 10.7580 0.5000
51 1 0 0 10.7680 0.5000
51 1 0 0 10.5660 0.5000
51 1 0 0 10.6870 0.5000
54 1 0 0 7.7640 0.5000
54 1 0 0 8.8260 0.5000
54 1 0 0 8.6600 0.5000
54 0 0 1 100.0460 0.0000
54 1 0 0 8.7060 0.5000
57 1 0 0 13.3050 0.4016
57 1 0 0 13.1730 0.4056
57 1 0 0 10.9720 0.4869
57 1 0 0 13.0040 0.4108
57 1 0 0 12.6450 0.4225
60 1 0 0 8.9660 0.5000
60 1 0 0 9.0090 0.5000
60 1 0 0 8.6830 0.5000
60 1 0 0 8.8860 0.5000
60 1 0 0 8.9240 0.5000
63 1 0 0 10.8970 0.4854
63 1 0 0 11.2850 0.4687
63 1 0 0 10.7220 0.4933
63 1 0 0 10.6480 0.4968
63 1 0 0 10.7620 0.4915
66 1 0 0 13.0920 0.4110
66 1 0 0 12.9270 0.4162
66 0 0 1 100.0190 0.0000
66 1 0 0 17.9630 0.2995
66 1 0 0 12.8050 0.4202
69 1 0 0 11.1350 0.5000
69 1 0 0 11.4340 0.4946
69 1 0 0 11.2500 0.5000
69 1 0 0 11.2530 0.5000
69 1 0 0 10.7570 0.5000
72 1 0 0 8.8910 0.5000
72 0 0 1 100.0430 0.0000
72 1 0 0 8.8990 0.5000
72 0 0 1 100.1010 0.0000
72 1 0 0 9.1620 0.5000
75 1 0 0 7.7790 0.5000
75 1 0 0 7.7540 0.5000
75 1 0 0 8.1630 0.5000
75 1 0 0 7.7990 0.5000
75 1 0 0 7.8160 0.5000
78 1 0 0 11.4390 0.5000
78 1 0 0 37.5500 0.1754
78 0 1 0 15.2450 0.0000
78 1 0 0 66.0450 0.1250
78 1 0 0 37.2830 0.1767
81 1 0 0 11.2670 0.4697
81 1 0 0 11.0320 0.4797
81 1 0 0 10.9700 0.4824
81 1 0 0 11.1740 0.4736
81 1 0 0 11.0610 0.4785
84 1 0 0 10.7520 0.5000
84 1 0 0 10.5670 0.5000
84 1 0 0 10.6960 0.5000
84 1 0 0 10.6840 0.5000
84 0 0 1 100.0490 0.0000
87 1 0 0 9.2530 0.5000
87 1 0 0 9.5490 0.5000
87 1 0 0 9.2920 0.5000
87 1 0 0 9.4650 0.5000
87 1 0 0 9.4430 0.5000
90 1 0 0 12.8330 0.4392
90 1 0 0 12.3370 0.4568
90 1 0 0 12.4190 0.4538
90 1 0 0 12.4390 0.4531
90 1 0 0 12.4560 0.4525
93 1 0 0 4.5640 0.5000
93 1 0 0 7.5810 0.5000
93 1 0 0 4.7380 0.5000
93 1 0 0 7.2230 0.5000
93 1 0 0 8.3210 0.5000
96 1 0 0 10.6440 0.5000
96 1 0 0 10.5340 0.5000
96 1 0 0 10.4790 0.5000
96 1 0 0 10.6800 0.5000
96 1 0 0 10.6820 0.5000
99 1 0 0 26.6330 0.2148
99 0 1 0 6.2400 0.0000
99 1 0 0 14.6910 0.3894
99 1 0 0 14.7030 0.3891
99 1 0 0 14.8360 0.3856
102 0 1 0 11.1410 0.0000
102 0 0 1 100.0860 0.0000
102 1 0 0 12.4370 0.4230
102 1 0 0 11.4530 0.4593
102 1 0 0 12.0400 0.4369
105 0 1 0 13.4860 0.0000
105 1 0 0 13.5300 0.4160
105 1 0 0 13.7170 0.4103
105 1 0 0 16.5570 0.3399
105 1 0 0 13.6840 0.4113
108 1 0 0 9.0880 0.5000
108 1 0 0 9.1320 0.5000
108 1 0 0 9.1480 0.5000
108 1 0 0 9.3630 0.5000
108 1 0 0 8.7900 0.5000
111 1 0 0 35.7860 0.1887
111 1 0 0 34.5690 0.1953
111 1 0 0 48.5150 0.1392
111 1 0 0 98.7660 0.1250
111 1 0 0 57.8980 0.1250
114 0 1 0 10.4250 0.0000
114 1 0 0 13.5020 0.4601
114 1 0 0 13.6980 0.4535
114 1 0 0 13.9320 0.4459
114 0 0 1 100.0230 0.0000
117 0 1 0 9.2770 0.0000
117 0 1 0 8.7480 0.0000
117 1 0 0 19.2070 0.3104
117 0 1 0 8.1870 0.0000
117 1 0 0 15.8540 0.3760
120 0 1 0 9.2750 0.0000
120 1 0 0 23.7620 0.2458
120 1 0 0 30.2990 0.1928
120 1 0 0 31.9460 0.1828
120 1 0 0 28.6260 0.2040
123 1 0 0 13.1290 0.4320
123 1 0 0 13.1520 0.4313
123 1 0 0 13.1100 0.4326
123 1 0 0 13.0250 0.4355
123 1 0 0 13.2420 0.4283
126 1 0 0 11.8170 0.4725
126 1 0 0 12.0570 0.4630
126 1 0 0 11.7040 0.4770
126 1 0 0 12.2960 0.4540
126 1 0 0 12.1670 0.4589
129 1 0 0 9.6360 0.5000
129 1 0 0 10.0550 0.5000
129 1 0 0 9.8520 0.5000
129 1 0 0 12.8670 0.4447
129 1 0 0 9.9570 0.5000
132 0 1 0 15.8220 0.0000
132 1 0 0 14.5630 0.3809
132 1 0 0 14.4340 0.3844
132 0 1 0 19.1170 0.0000
132 0 1 0 14.3660 0.0000
135 1 0 0 8.6940 0.5000
135 1 0 0 8.8010 0.5000
135 1 0 0 8.3860 0.5000
135 1 0 0 8.6770 0.5000
135 1 0 0 8.2840 0.5000
138 1 0 0 16.5910 0.4112
138 1 0 0 14.8680 0.4589
138 0 0 1 100.0700 0.0000
138 0 0 1 100.0940 0.0000
138 0 0 1 100.0720 0.0000
141 0 0 1 100.0840 0.0000
141 1 0 0 9.6200 0.5000
141 0 0 1 100.0650 0.0000
141 0 0 1 100.0260 0.0000
141 1 0 0 9.9380 0.5000
144 1 0 0 10.6420 0.5000
144 0 0 1 100.0130 0.0000
144 0 0 1 100.0420 0.0000
144 1 0 0 11.2250 0.4869
144 1 0 0 11.2050 0.4878
147 1 0 0 9.6410 0.5000
147 1 0 0 9.8500 0.5000
147 0 0 1 100.0760 0.0000
147 1 0 0 9.5520 0.5000
147 1 0 0 9.3990 0.5000
150 1 0 0 21.4870 0.2518
150 1 0 0 22.1780 0.2440
150 1 0 0 24.9790 0.2166
150 1 0 0 61.5100 0.1250
150 1 0 0 21.7240 0.2491
153 0 0 1 100.0030 0.0000
153 1 0 0 10.5800 0.5000
153 1 0 0 12.0030 0.4854
153 1 0 0 10.8870 0.5000
153 1 0 0 10.0530 0.5000
156 1 0 0 9.7020 0.5000
156 1 0 0 9.4140 0.5000
156 1 0 0 9.7940 0.5000
156 1 0 0 9.2130 0.5000
156 0 0 1 100.0840 0.0000
159 1 0 0 9.3120 0.5000
159 1 0 0 9.2210 0.5000
159 0 0 1 100.0680 0.0000
159 1 0 0 9.3660 0.5000
159 0 0 1 100.0830 0.0000
162 1 0 0 19.1240 0.2826
162 0 1 0 9.8340 0.0000
162 0 1 0 10.2270 0.0000
162 1 0 0 20.3330 0.2658
162 0 1 0 9.8880 0.0000
165 1 0 0 11.5020 0.4839
165 1 0 0 11.5230 0.4830
165 1 0 0 11.2260 0.4958
165 1 0 0 11.4190 0.4874
165 1 0 0 11.6360 0.4783
168 1 0 0 15.3180 0.3907
168 0 1 0 3.2220 0.0000
168 1 0 0 15.2490 0.3925
168 0 1 0 3.6880 0.0000
168 1 0 0 15.3410 0.3901
171 1 0 0 12.6410 0.4461
171 0 1 0 10.9020 0.0000
171 1 0 0 13.0410 0.4324
171 1 0 0 12.8620 0.4384
171 1 0 0 13.1470 0.4289
174 1 0 0 11.8700 0.4579
174 1 0 0 12.0430 0.4513
174 1 0 0 12.0430 0.4513
174 1 0 0 11.9600 0.4544
174 1 0 0 11.8370 0.4592
177 1 0 0 12.0750 0.5000
177 1 0 0 11.8350 0.5000
177 1 0 0 11.8080 0.5000
177 1 0 0 21.9740 0.2979
177 1 0 0 12.0080 0.5000
180 1 0 0 12.5230 0.4579
180 1 0 0 12.4840 0.4593
180 1 0 0 12.4130 0.4619
180 1 0 0 12.7140 0.4510
180 1 0 0 12.5000 0.4587
183 1 0 0 11.9820 0.4584
183 1 0 0 12.0590 0.4554
183 1 0 0 15.4410 0.3557
183 1 0 0 15.2210 0.3608
183 1 0 0 12.2350 0.4489
186 1 0 0 12.3980 0.4783
186 1 0 0 15.1510 0.3914
186 1 0 0 14.0390 0.4224
186 1 0 0 14.2480 0.4162
186 1 0 0 14.4800 0.4095
189 1 0 0 9.5960 0.5000
189 1 0 0 9.9180 0.5000
189 1 0 0 10.0120 0.5000
189 1 0 0 9.8250 0.5000
189 1 0 0 10.1430 0.5000
192 1 0 0 26.9260 0.2081
192 1 0 0 27.6450 0.2027
192 1 0 0 24.8070 0.2259
192 1 0 0 21.1690 0.2648
192 0 1 0 16.0390 0.0000
195 1 0 0 10.4260 0.5000
195 0 0 1 100.0910 0.0000
195 0 0 1 100.0980 0.0000
195 1 0 0 12.4570 0.4442
195 1 0 0 11.5790 0.4779
198 1 0 0 10.4320 0.5000
198 1 0 0 10.4350 0.5000
198 1 0 0 18.2690 0.3133
198 0 0 1 100.0380 0.0000
198 1 0 0 13.2730 0.4313
201 1 0 0 11.9930 0.5000
201 1 0 0 11.4810 0.5000
201 1 0 0 11.7890 0.5000
201 1 0 0 11.5830 0.5000
201 1 0 0 11.6510 0.5000
204 1 0 0 14.3850 0.4825
204 1 0 0 13.3950 0.5000
204 1 0 0 13.3950 0.5000
204 1 0 0 13.4900 0.5000
204 1 0 0 13.7160 0.5000
207 1 0 0 26.1920 0.2070
207 0 1 0 9.9090 0.0000
207 1 0 0 29.9010 0.1813
207 0 1 0 14.4890 0.0000
207 1 0 0 33.4850 0.1619
210 1 0 0 11.3420 0.4619
210 1 0 0 11.3480 0.4617
210 1 0 0 11.0330 0.4749
210 1 0 0 11.1260 0.4709
210 1 0 0 11.2460 0.4659
213 1 0 0 12.9650 0.4106
213 0 1 0 10.9060 0.0000
213 1 0 0 14.0480 0.3789
213 0 1 0 16.1610 0.0000
213 1 0 0 10.5680 0.5000
216 0 0 1 100.0240 0.0000
216 1 0 0 11.8330 0.4777
216 1 0 0 11.9410 0.4734
216 1 0 0 20.4890 0.2759
216 1 0 0 13.2120 0.4278
219 1 0 0 25.1080 0.2445
219 1 0 0 22.8390 0.2687
219 1 0 0 24.2630 0.2530
219 1 0 0 22.7260 0.2701
219 1 0 0 15.0220 0.4086
222 1 0 0 13.6680 0.3989
222 1 0 0 12.1930 0.4472
222 1 0 0 32.3030 0.1688
222 1 0 0 12.1650 0.4482
222 1 0 0 13.1690 0.4140
225 1 0 0 11.4690 0.4687
225 1 0 0 11.7680 0.4568
225 1 0 0 11.6640 0.4609
225 1 0 0 11.4870 0.4680
225 1 0 0 11.5010 0.4674
228 1 0 0 12.3540 0.5000
228 0 0 1 100.0440 0.0000
228 1 0 0 12.8460 0.4935
228 1 0 0 12.8890 0.4918
228 1 0 0 12.8140 0.4947
231 1 0 0 11.6480 0.5000
231 1 0 0 11.6070 0.5000
231 0 0 1 100.0390 0.0000
231 1 0 0 11.2650 0.5000
231 1 0 0 11.3420 0.5000
234 1 0 0 11.6370 0.4616
234 1 0 0 11.4860 0.4677
234 1 0 0 11.5530 0.4650
234 1 0 0 11.7470 0.4573
234 1 0 0 11.5550 0.4649
237 1 0 0 11.4180 0.5000
237 1 0 0 11.2930 0.5000
237 1 0 0 11.0860 0.5000
237 0 0 1 100.0400 0.0000
237 1 0 0 10.9870 0.5000
240 1 0 0 12.6610 0.5000
240 1 0 0 12.6260 0.5000
240 1 0 0 12.6580 0.5000
240 1 0 0 12.7320 0.5000
240 1 0 0 13.3480 0.4799
243 0 0 1 100.0320 0.0000
243 0 0 1 100.0200 0.0000
243 0 1 0 8.3170 0.0000
243 1 0 0 19.2680 0.3523
243 1 0 0 14.2040 0.4779
246 1 0 0 11.9440 0.4576
246 1 0 0 12.0650 0.4530
246 1 0 0 12.0710 0.4528
246 1 0 0 11.9270 0.4582
246 1 0 0 12.0490 0.4536
249 1 0 0 11.3850 0.4945
249 1 0 0 11.3830 0.4946
249 1 0 0 11.3660 0.4954
249 1 0 0 11.2680 0.4997
249 1 0 0 11.3860 0.4945
252 1 0 0 8.9830 0.5000
252 1 0 0 9.7130 0.5000
252 1 0 0 9.4850 0.5000
252 0 0 1 100.0050 0.0000
252 1 0 0 9.1120 0.5000
255 1 0 0 13.9100 0.4124
255 1 0 0 13.8060 0.4155
255 1 0 0 13.6900 0.4190
255 1 0 0 13.8380 0.4145
255 1 0 0 14.0060 0.4095
258 1 0 0 9.9880 0.5000
258 1 0 0 9.8810 0.5000
258 1 0 0 9.8180 0.5000
258 1 0 0 4.3940 0.5000
258 1 0 0 4.4490 0.5000
261 1 0 0 4.6040 0.5000
261 1 0 0 4.4910 0.5000
261 1 0 0 4.3870 0.5000
261 1 0 0 4.3960 0.5000
261 1 0 0 4.4770 0.5000
264 1 0 0 4.4740 0.5000
264 1 0 0 4.4990 0.5000
264 1 0 0 4.6080 0.5000
0 1 0 0 10.5280 0.5000
0 1 0 0 10.7400 0.5000
0 0 0 1 100.0700 0.0000
3 1 0 0 10.3250 0.5000
3 1 0 0 9.9990 0.5000
3 1 0 0 10.1400 0.5000
3 1 0 0 10.3640 0.5000
3 1 0 0 10.3180 0.5000
6 1 0 0 11.6670 0.5000
6 1 0 0 11.3740 0.5000
6 1 0 0 11.4780 0.5000
6 1 0 0 11.2540 0.5000
6 1 0 0 11.3620 0.5000
9 1 0 0 8.6360 0.5000
9 1 0 0 8.7840 0.5000
9 1 0 0 8.9830 0.5000
9 1 0 0 8.7730 0.5000
9 1 0 0 8.7660 0.5000
12 1 0 0 12.0580 0.4887
12 1 0 0 11.9570 0.4928
12 1 0 0 11.8880 0.4957
12 1 0 0 12.0260 0.4900
12 1 0 0 12.0430 0.4893
15 1 0 0 10.8380 0.5000
15 1 0 0 11.3000 0.5000
15 1 0 0 10.8850 0.5000
15 1 0 0 11.0530 0.5000
15 1 0 0 10.8710 0.5000
18 1 0 0 8.9880 0.5000
18 1 0 0 7.7220 0.5000
18 1 0 0 8.0720 0.5000
18 1 0 0 8.2290 0.5000
18 1 0 0 8.1810 0.5000
21 1 0 0 12.4950 0.4664
21 1 0 0 10.8840 0.5000
21 1 0 0 10.1320 0.5000
21 0 0 1 100.0460 0.0000
21 1 0 0 10.7480 0.5000
24 1 0 0 14.0100 0.4411
24 1 0 0 13.0170 0.4748
24 1 0 0 15.0300 0.4112
24 1 0 0 13.6180 0.4538
24 1 0 0 13.0820 0.4724
27 1 0 0 8.9980 0.5000
27 1 0 0 9.6060 0.5000
27 1 0 0 8.8500 0.5000
27 1 0 0 9.1880 0.5000
27 1 0 0 9.1390 0.5000
30 1 0 0 13.4990 0.4386
30 1 0 0 13.4670 0.4397
30 1 0 0 13.6400 0.4341
30 1 0 0 13.4490 0.4403
30 1 0 0 16.1370 0.3669
33 1 0 0 12.1730 0.5000
33 1 0 0 13.9390 0.4540
33 1 0 0 13.9070 0.4551
33 1 0 0 13.8710 0.4563
33 0 0 1 100.0870 0.0000
36 1 0 0 9.6070 0.5000
36 1 0 0 9.5040 0.5000
36 1 0 0 9.5350 0.5000
36 1 0 0 9.6220 0.5000
36 1 0 0 9.5150 0.5000
39 1 0 0 9.8990 0.5000
39 1 0 0 10.1940 0.5000
39 1 0 0 10.0250 0.5000
39 1 0 0 9.9860 0.5000
39 1 0 0 10.0340 0.5000
42 1 0 0 7.7220 0.5000
42 1 0 0 6.2880 0.5000
42 1 0 0 8.6790 0.5000
42 1 0 0 8.4690 0.5000
42 1 0 0 7.8470 0.5000
45 1 0 0 9.1010 0.5000
45 1 0 0 9.1640 0.5000
45 1 0 0 9.4670 0.5000
45 1 0 0 8.9010 0.5000
45 1 0 0 8.9920 0.5000
48 0 1 0 27.1270 0.0000
48 1 0 0 30.8690 0.1849
48 1 0 0 24.3180 0.2346
48 0 1 0 18.1860 0.0000
48 1 0 0 44.7130 0.1276
51 1 0 0 10.6420 0.5000
51 1 0 0 10.8510 0.5000
51 1 0 0 10.6340 0.5000
51 1 0 0 10.7480 0.5000
51 1 0 0 10.6810 0.5000
54 1 0 0 8.7520 0.5000
54 1 0 0 7.9470 0.5000
54 1 0 0 7.9500 0.5000
54 1 0 0 7.9360 0.5000
54 1 0 0 7.8600 0.5000
57 1 0 0 12.8120 0.4170
57 1 0 0 10.8080 0.4943
57 1 0 0 12.8210 0.4167
57 1 0 0 12.6710 0.4216
57 1 0 0 13.5620 0.3939
60 1 0 0 8.9000 0.5000
60 1 0 0 8.9100 0.5000
60 1 0 0 9.3460 0.5000
60 1 0 0 9.0110 0.5000
60 1 0 0 8.9140 0.5000
63 1 0 0 10.8550 0.4873
63 1 0 0 10.9160 0.4846
63 1 0 0 11.1400 0.4748
63 1 0 0 10.8350 0.4882
63 1 0 0 11.1670 0.4737
66 1 0 0 12.5350 0.4292
66 1 0 0 14.3600 0.3747
66 1 0 0 12.8070 0.4201
66 1 0 0 12.4300 0.4329
66 1 0 0 12.6460 0.4255
69 1 0 0 10.9100 0.5000
69 1 0 0 11.1930 0.5000
69 1 0 0 11.1130 0.5000
69 1 0 0 11.0060 0.5000
69 1 0 0 10.9340 0.5000
72 1 0 0 8.6400 0.5000
72 1 0 0 8.2580 0.5000
72 1 0 0 8.6620 0.5000
72 1 0 0 8.7510 0.5000
72 1 0 0 8.7480 0.5000
75 1 0 0 7.9400 0.5000
75 1 0 0 7.7720 0.5000
75 1 0 0 8.0770 0.5000
75 1 0 0 7.7620 0.5000
75 1 0 0 8.1450 0.5000
78 1 0 0 53.8850 0.1250
78 1 0 0 24.4470 0.2695
78 0 1 0 13.6740 0.0000
78 1 0 0 24.7620 0.2661
78 0 1 0 27.7540 0.0000
81 1 0 0 11.0240 0.4801
81 1 0 0 11.2620 0.4699
81 1 0 0 11.1440 0.4749
81 1 0 0 11.1160 0.4761
81 1 0 0 11.1480 0.4747
84 1 0 0 10.7150 0.5000
84 1 0 0 10.7060 0.5000
84 0 0 1 100.0450 0.0000
84 0 0 1 100.0830 0.0000
84 1 0 0 10.5720 0.5000
87 1 0 0 9.5250 0.5000
87 1 0 0 9.6060 0.5000
87 1 0 0 9.5960 0.5000
87 1 0 0 9.3290 0.5000
87 1 0 0 8.8690 0.5000
90 1 0 0 12.4870 0.4514
90 1 0 0 12.7040 0.4436
90 1 0 0 9.9080 0.5000
90 1 0 0 12.4260 0.4536
90 1 0 0 12.4700 0.4520
93 1 0 0 6.3930 0.5000
93 1 0 0 4.7600 0.5000
93 1 0 0 6.3940 0.5000
93 1 0 0 7.3530 0.5000
93 1 0 0 4.8600 0.5000
96 1 0 0 10.7530 0.5000
96 1 0 0 10.6620 0.5000
96 1 0 0 10.5470 0.5000
96 1 0 0 10.6160 0.5000
96 1 0 0 10.5910 0.5000
99 1 0 0 36.5590 0.1565
99 1 0 0 15.1600 0.3774
99 1 0 0 14.9890 0.3817
99 1 0 0 15.1660 0.3772
99 0 1 0 3.9890 0.0000
102 1 0 0 12.1020 0.4347
102 1 0 0 11.8600 0.4435
102 1 0 0 12.3570 0.4257
102 1 0 0 12.0400 0.4369
102 1 0 0 12.2520 0.4293
105 0 1 0 15.1390 0.0000
105 0 1 0 12.0590 0.0000
105 1 0 0 16.8550 0.3339
105 1 0 0 13.6160 0.4134
105 1 0 0 13.8130 0.4075
108 1 0 0 9.2950 0.5000
108 1 0 0 9.2460 0.5000
108 1 0 0 9.2620 0.5000
108 1 0 0 9.1240 0.5000
108 0 0 1 100.0690 0.0000
111 0 1 0 15.9910 0.0000
111 1 0 0 48.3330 0.1397
111 1 0 0 77.2040 0.1250
111 1 0 0 64.9650 0.1250
111 0 0 1 100.0290 0.0000
114 1 0 0 21.4490 0.2896
114 1 0 0 13.9340 0.4458
114 1 0 0 14.0750 0.4414
114 1 0 0 13.5610 0.4581
114 1 0 0 14.3030 0.4343
117 1 0 0 22.8790 0.2606
117 1 0 0 16.7300 0.3563
117 1 0 0 16.3210 0.3653
117 1 0 0 16.4490 0.3624
117 1 0 0 17.5070 0.3405
120 1 0 0 29.3710 0.1988
120 1 0 0 41.3950 0.1411
120 1 0 0 28.3730 0.2058
120 0 1 0 14.9930 0.0000
120 0 1 0 17.0130 0.0000
123 1 0 0 13.1130 0.4325
123 1 0 0 13.0190 0.4357
123 1 0 0 12.8930 0.4399
123 1 0 0 12.8890 0.4401
123 0 1 0 13.4120 0.0000
126 1 0 0 12.0470 0.4634
126 1 0 0 12.3430 0.4523
126 1 0 0 12.2340 0.4564
126 1 0 0 12.0680 0.4626
126 1 0 0 12.2280 0.4566
129 1 0 0 12.8330 0.4458
129 1 0 0 9.8050 0.5000
129 1 0 0 10.0340 0.5000
129 0 0 1 100.0040 0.0000
129 0 1 0 4.3360 0.0000
132 1 0 0 14.4710 0.3834
132 1 0 0 14.4500 0.3839
132 1 0 0 14.6990 0.3774
132 1 0 0 14.7980 0.3749
132 1 0 0 14.3650 0.3862
135 1 0 0 8.4790 0.5000
135 1 0 0 12.6370 0.4188
135 1 0 0 8.5450 0.5000
135 1 0 0 8.3000 0.5000
135 1 0 0 8.5730 0.5000
138 1 0 0 15.8510 0.4304
138 1 0 0 20.0630 0.3401
138 1 0 0 14.9540 0.4562
138 1 0 0 15.4900 0.4404
138 1 0 0 15.8550 0.4303
141 1 0 0 9.6110 0.5000
141 1 0 0 9.7310 0.5000
141 1 0 0 9.5910 0.5000
141 0 0 1 100.0940 0.0000
141 1 0 0 9.6090 0.5000
144 1 0 0 10.8560 0.5000
144 1 0 0 11.0820 0.4932
144 1 0 0 10.8850 0.5000
144 1 0 0 11.0310 0.4955
144 1 0 0 10.8570 0.5000
147 1 0 0 9.3150 0.5000
147 1 0 0 9.6050 0.5000
147 1 0 0 9.4360 0.5000
147 1 0 0 9.1050 0.5000
147 1 0 0 9.5070 0.5000
150 0 1 0 12.0940 0.0000
150 1 0 0 21.4900 0.2518
150 1 0 0 23.0630 0.2346
150 1 0 0 21.8690 0.2474
150 1 0 0 22.1730 0.2440
153 1 0 0 10.6660 0.5000
153 1 0 0 11.5920 0.5000
153 1 0 0 10.4520 0.5000
153 1 0 0 10.7500 0.5000
153 1 0 0 10.6380 0.5000
156 1 0 0 9.4660 0.5000
156 1 0 0 9.9010 0.5000
156 1 0 0 9.3630 0.5000
156 1 0 0 9.6000 0.5000
156 1 0 0 9.3900 0.5000
159 1 0 0 9.2970 0.5000
159 1 0 0 9.3050 0.5000
159 1 0 0 9.2300 0.5000
159 1 0 0 9.5460 0.5000
159 1 0 0 9.1290 0.5000
162 1 0 0 19.6770 0.2747
162 0 1 0 10.0920 0.0000
162 1 0 0 17.2620 0.3131
162 1 0 0 20.2270 0.2672
162 1 0 0 19.2370 0.2810
165 1 0 0 11.6100 0.4794
165 1 0 0 11.5150 0.4834
165 1 0 0 11.7220 0.4748
165 1 0 0 11.6090 0.4795
165 1 0 0 11.6210 0.4790
168 1 0 0 15.3320 0.3903
168 1 0 0 16.1310 0.3710
168 1 0 0 15.6200 0.3831
168 1 0 0 17.0220 0.3516
168 1 0 0 15.4950 0.3862
171 1 0 0 13.0490 0.4321
171 1 0 0 13.0940 0.4306
171 1 0 0 13.0270 0.4328
171 1 0 0 12.7150 0.4435
171 1 0 0 13.0360 0.4325
174 1 0 0 12.1270 0.4482
174 1 0 0 11.8160 0.4600
174 1 0 0 12.0350 0.4516
174 1 0 0 11.8290 0.4595
174 1 0 0 11.9130 0.4562
177 1 0 0 12.4490 0.5000
177 1 0 0 11.8490 0.5000
177 1 0 0 11.9840 0.5000
177 1 0 0 11.9810 0.5000
177 1 0 0 11.8460 0.5000
180 1 0 0 12.4650 0.4600
180 1 0 0 12.4670 0.4599
180 1 0 0 12.4750 0.4596
180 1 0 0 12.3080 0.4659
180 1 0 0 12.5870 0.4556
183 1 0 0 15.5770 0.3526
183 1 0 0 15.4940 0.3545
183 1 0 0 15.3050 0.3588
183 1 0 0 15.4170 0.3562
183 1 0 0 11.9360 0.4601
186 1 0 0 12.0740 0.4911
186 1 0 0 12.0750 0.4911
186 1 0 0 11.9850 0.4948
186 1 0 0 11.9750 0.4952
186 1 0 0 11.7900 0.5000
189 1 0 0 10.0080 0.5000
189 1 0 0 10.0100 0.5000
189 1 0 0 10.1170 0.5000
189 1 0 0 10.1900 0.5000
189 1 0 0 10.1900 0.5000
192 1 0 0 27.2680 0.2055
192 1 0 0 25.8360 0.2169
192 0 1 0 12.6230 0.0000
192 1 0 0 21.0940 0.2657
192 1 0 0 67.3920 0.1250
195 1 0 0 10.4080 0.5000
195 1 0 0 10.9650 0.5000
195 1 0 0 12.5460 0.4411
195 1 0 0 13.2100 0.4189
195 1 0 0 11.8970 0.4651
198 1 0 0 10.5810 0.5000
198 1 0 0 10.6530 0.5000
198 1 0 0 10.5950 0.5000
198 1 0 0 10.3840 0.5000
198 0 0 1 100.0810 0.0000
201 0 0 1 100.0320 0.0000
201 1 0 0 11.3570 0.5000
201 1 0 0 11.3380 0.5000
201 1 0 0 11.3340 0.5000
201 1 0 0 11.6350 0.5000
204 1 0 0 13.5880 0.5000
204 1 0 0 13.3910 0.5000
204 1 0 0 13.3620 0.5000
204 1 0 0 13.6930 0.5000
204 1 0 0 13.3850 0.5000
207 0 1 0 9.6810 0.0000
207 0 1 0 9.7980 0.0000
207 0 1 0 14.5490 0.0000
207 1 0 0 32.6430 0.1661
207 1 0 0 25.0730 0.2163
210 1 0 0 11.5220 0.4547
210 1 0 0 11.1890 0.4682
210 1 0 0 11.3180 0.4629
210 1 0 0 11.4310 0.4583
210 1 0 0 11.4040 0.4594
213 1 0 0 10.5610 0.5000
213 1 0 0 10.6720 0.4988
213 1 0 0 13.8330 0.3848
213 1 0 0 10.6540 0.4996
213 1 0 0 10.5710 0.5000
216 1 0 0 26.0780 0.2168
216 0 1 0 5.8320 0.0000
216 1 0 0 15.9630 0.3541
216 1 0 0 14.8530 0.3806
216 1 0 0 13.4100 0.4215
219 0 1 0 9.2100 0.0000
219 1 0 0 14.6750 0.4182
219 1 0 0 15.1800 0.4043
219 1 0 0 23.8890 0.2569
219 1 0 0 14.9670 0.4101
222 1 0 0 12.5620 0.4340
222 1 0 0 12.3340 0.4421
222 0 1 0 6.6420 0.0000
222 1 0 0 12.0380 0.4529
222 1 0 0 12.4300 0.4387
225 1 0 0 11.4830 0.4682
225 1 0 0 11.4650 0.4689
225 1 0 0 11.5010 0.4674
225 1 0 0 11.3610 0.4732
225 1 0 0 11.5370 0.4660
228 1 0 0 12.6660 0.5000
228 1 0 0 12.7880 0.4957
228 1 0 0 17.0420 0.3720
228 1 0 0 12.5430 0.5000
228 1 0 0 12.7470 0.4973
231 1 0 0 11.5350 0.5000
231 1 0 0 11.5880 0.5000
231 1 0 0 11.5030 0.5000
231 1 0 0 11.3610 0.5000
231 1 0 0 11.2040 0.5000
234 1 0 0 11.4830 0.4678
234 1 0 0 11.5370 0.4656
234 1 0 0 11.6150 0.4625
234 1 0 0 11.6320 0.4618
234 1 0 0 11.3290 0.4742
237 1 0 0 11.2490 0.5000
237 1 0 0 11.1960 0.5000
237 1 0 0 11.0580 0.5000
237 1 0 0 10.9530 0.5000
237 1 0 0 11.1480 0.5000
240 1 0 0 13.0360 0.4914
240 1 0 0 12.4900 0.5000
240 0 0 1 100.0430 0.0000
240 1 0 0 12.8070 0.5000
240 1 0 0 12.9770 0.4937
243 0 1 0 7.5650 0.0000
243 1 0 0 16.3000 0.4164
243 1 0 0 15.6760 0.4330
243 1 0 0 14.1010 0.4813
243 1 0 0 16.4860 0.4117
246 1 0 0 12.1280 0.4506
246 1 0 0 11.9230 0.4584
246 1 0 0 11.8130 0.4627
246 1 0 0 11.9910 0.4558
246 1 0 0 11.9090 0.4589
249 1 0 0 11.4870 0.4901
249 1 0 0 11.5110 0.4891
249 1 0 0 11.3770 0.4949
249 1 0 0 11.5370 0.4880
249 1 0 0 11.4790 0.4905
252 1 0 0 9.0430 0.5000
252 1 0 0 9.4520 0.5000
252 1 0 0 9.4730 0.5000
252 1 0 0 9.0600 0.5000
252 1 0 0 9.1980 0.5000
255 1 0 0 13.7980 0.4157
255 1 0 0 13.7860 0.4161
255 1 0 0 13.7160 0.4182
255 1 0 0 13.7730 0.4165
255 1 0 0 13.8980 0.4127
258 1 0 0 9.8730 0.5000
258 1 0 0 9.5690 0.5000
258 1 0 0 9.8900 0.5000
258 1 0 0 9.7530 0.5000
258 1 0 0 10.0530 0.5000
261 1 0 0 22.5380 0.2360
261 0 1 0 5.9070 0.0000
261 1 0 0 19.4480 0.2735
261 0 1 0 4.6820 0.0000
261 1 0 0 18.0120 0.2953
264 1 0 0 12.0920 0.4980
264 1 0 0 12.2150 0.4930
264 1 0 0 12.5990 0.4780
264 1 0 0 13.0200 0.4625
264 1 0 0 12.4060 0.4854
267 1 0 0 13.4640 0.4138
267 1 0 0 13.7760 0.4045
267 1 0 0 13.5590 0.4109
267 1 0 0 13.7290 0.4059
267 1 0 0 13.6620 0.4078
270 1 0 0 12.5790 0.4698
270 1 0 0 14.3310 0.4124
270 1 0 0 13.2030 0.4476
270 1 0 0 13.2880 0.4447
270 1 0 0 13.8530 0.4266
273 1 0 0 28.1110 0.2145
273 1 0 0 26.9620 0.2236
273 1 0 0 26.9160 0.2240
273 0 1 0 15.3150 0.0000
273 1 0 0 27.4940 0.2193
276 1 0 0 16.0340 0.3949
276 1 0 0 16.3490 0.3873
276 0 1 0 14.4040 0.0000
276 0 1 0 14.2990 0.0000
276 0 1 0 13.7910 0.0000
279 1 0 0 11.6700 0.5000
279 1 0 0 11.5160 0.5000
279 1 0 0 11.6240 0.5000
279 1 0 0 11.6120 0.5000
279 1 0 0 11.8070 0.5000
282 0 1 0 15.1070 0.0000
282 1 0 0 15.2330 0.4037
282 0 1 0 28.0720 0.0000
282 1 0 0 23.7280 0.2591
282 0 1 0 32.1780 0.0000
285 1 0 0 25.4360 0.2170
285 1 0 0 25.1040 0.2199
285 1 0 0 25.5350 0.2162
285 1 0 0 25.5440 0.2161
285 1 0 0 24.7910 0.2227
288 1 0 0 18.3440 0.3366
288 1 0 0 18.6530 0.3310
288 0 1 0 4.8820 0.0000
288 1 0 0 18.2200 0.3389
288 0 1 0 4.5470 0.0000
291 1 0 0 11.2640 0.5000
291 1 0 0 9.4730 0.5000
291 1 0 0 9.7140 0.5000
291 1 0 0 9.9080 0.5000
291 1 0 0 11.1550 0.5000
294 1 0 0 15.9250 0.3663
294 1 0 0 19.3660 0.3012
294 1 0 0 15.8790 0.3674
294 1 0 0 18.0060 0.3240
294 1 0 0 14.5290 0.4015
297 1 0 0 12.3740 0.4857
297 1 0 0 12.5010 0.4807
297 1 0 0 12.2840 0.4892
297 1 0 0 12.4700 0.4819
297 1 0 0 12.7120 0.4727
261 0 1 0 6.0860 0.0000
261 1 0 0 18.2050 0.2922
261 1 0 0 22.9550 0.2317
261 1 0 0 18.4130 0.2889
261 0 1 0 4.8900 0.0000
264 1 0 0 11.9870 0.5000
264 1 0 0 12.1090 0.4973
264 1 0 0 12.1020 0.4976
264 1 0 0 12.6040 0.4778
264 1 0 0 12.0860 0.4983
267 1 0 0 13.6600 0.4079
267 1 0 0 13.5740 0.4105
267 1 0 0 13.6430 0.4084
267 1 0 0 13.6360 0.4086
267 1 0 0 13.6400 0.4085
270 1 0 0 12.4040 0.4764
270 1 0 0 12.5060 0.4726
270 1 0 0 12.2810 0.4812
270 1 0 0 13.5450 0.4363
270 1 0 0 13.3370 0.4431
273 1 0 0 27.8230 0.2167
273 1 0 0 14.3210 0.4210
273 1 0 0 14.2260 0.4238
273 1 0 0 28.7520 0.2097
273 1 0 0 28.3860 0.2124
276 1 0 0 29.5630 0.2142
276 1 0 0 23.7780 0.2663
276 1 0 0 16.2850 0.3888
276 1 0 0 16.1800 0.3913
276 0 1 0 13.3830 0.0000
279 1 0 0 11.7140 0.5000
279 1 0 0 11.8260 0.5000
279 0 0 1 100.0070 0.0000
279 1 0 0 11.7470 0.5000
279 1 0 0 11.5530 0.5000
282 1 0 0 14.9760 0.4106
282 1 0 0 73.7810 0.1250
282 0 1 0 12.0030 0.0000
282 0 1 0 12.8300 0.0000
282 1 0 0 13.4410 0.4575
285 1 0 0 25.5640 0.2159
285 1 0 0 25.1240 0.2197
285 1 0 0 24.8790 0.2219
285 0 1 0 3.8620 0.0000
285 1 0 0 25.4370 0.2170
288 1 0 0 14.0270 0.4401
288 1 0 0 20.3310 0.3037
288 1 0 0 17.7300 0.3482
288 0 1 0 6.0760 0.0000
288 1 0 0 18.6490 0.3311
291 1 0 0 9.5780 0.5000
291 1 0 0 9.7510 0.5000
291 1 0 0 10.9810 0.5000
291 1 0 0 9.0920 0.5000
291 1 0 0 11.2860 0.5000
294 1 0 0 16.8370 0.3465
294 1 0 0 17.8040 0.3277
294 1 0 0 16.5530 0.3524
294 1 0 0 17.9810 0.3244
294 1 0 0 16.3270 0.3573
297 1 0 0 12.1860 0.4931
297 1 0 0 12.3990 0.4847
297 1 0 0 12.3980 0.4847
297 1 0 0 12.4890 0.4812
297 1 0 0 12.6290 0.4758
114 1 0 0 13.9190 0.4463
114 0 0 1 100.0470 0.0000
114 0 0 1 100.0130 0.0000
114 1 0 0 15.6630 0.3966
114 0 1 0 10.9420 0.0000
48 0 1 0 42.0950 0.0000
48 0 1 0 15.3580 0.0000
48 1 0 0 34.1990 0.1669
48 0 1 0 9.2070 0.0000
48 1 0 0 24.6470 0.2315
243 0 1 0 11.8770 0.0000
243 1 0 0 17.9090 0.3790
243 1 0 0 15.3600 0.4419
243 1 0 0 16.0670 0.4224
243 1 0 0 18.5320 0.3663
48 0 1 0 9.0150 0.0000
48 1 0 0 27.4990 0.2075
48 1 0 0 25.5530 0.2233
48 1 0 0 28.0970 0.2031
48 1 0 0 24.6820 0.2312
132 0 1 0 15.6970 0.0000
132 1 0 0 14.5410 0.3815
132 1 0 0 14.4560 0.3838
132 1 0 0 14.5550 0.3812
132 1 0 0 14.7440 0.3763
288 0 1 0 5.0200 0.0000
288 1 0 0 15.1330 0.4080
288 0 1 0 7.0840 0.0000
288 1 0 0 15.1040 0.4088
288 0 1 0 10.3880 0.0000
114 0 1 0 13.7780 0.0000
114 1 0 0 13.7200 0.4528
114 1 0 0 13.9860 0.4442
114 1 0 0 13.6380 0.4555
114 1 0 0 14.0480 0.4422
0 1 0 0 10.1590 0.5000
0 1 0 0 10.5230 0.5000
0 1 0 0 10.7450 0.5000
0 1 0 0 10.8400 0.5000
0 1 0 0 10.5260 0.5000
84 1 0 0 10.7400 0.5000
84 1 0 0 10.7430 0.5000
84 1 0 0 10.8700 0.5000
84 1 0 0 10.6480 0.5000
84 1 0 0 10.6460 0.5000
129 1 0 0 9.7520 0.5000
129 1 0 0 13.1300 0.4358
129 1 0 0 9.8380 0.5000
129 1 0 0 10.1890 0.5000
129 1 0 0 12.8650 0.4447
276 1 0 0 30.6910 0.2063
276 1 0 0 24.9890 0.2534
276 1 0 0 16.1460 0.3921
276 1 0 0 16.0430 0.3947
276 1 0 0 16.8420 0.3759
0 1 0 0 10.4540 0.5000
1 1 0 0 11.0470 0.5000
1 1 0 0 11.6780 0.5000
1 1 0 0 11.4420 0.5000
1 1 0 0 10.8850 0.5000
